# Created by Octave 9.4.0, Wed Mar 11 00:57:42 2026 CET <elias@ThomasJefferson>
# name: sym
# type: complex matrix
# rows: 216
# columns: 1
 (-1.1089133665474138,-0.18463094718568507)
 (1.3474361381078042,-0.4096823962341854)
 (-0.69644682966161875,0.11192906411269939)
 (0.88338311280455017,0.095049408758560841)
 (0.79495049972023146,0.13374737576735904)
 (-1.062811512726298,0.45451977313163255)
 (1.0474401506511997,-0.41810720678246377)
 (-0.92063790451878602,0.059548727982340073)
 (1.2175879207527389,0.24495122347864268)
 (-0.90158294215829471,0.29967138782925995)
 (1.0373619250479669,-0.12901304984495415)
 (-0.88164010049269981,-0.10501845849012176)
 (-0.97756589116682646,-0.29920851434353407)
 (1.1845941443428309,-0.29829199354208386)
 (-0.836668455742684,0.10703560393710007)
 (0.81777564507224609,0.062571288993951354)
 (1.019738194429628,0.49277771159668626)
 (1.1362883709818095,-0.26329649171792091)
 (1.0955270911353618,0.13698026519312931)
 (0.69472406892321437,0.28339223922143608)
 (1.0454930235009996,0.43216035538986808)
 (0.87028555761191895,-0.22132246008793099)
 (0.95783022707013132,0.21490806556064346)
 (-0.69219658786558647,-0.24463166290092903)
 (1.1291338283429,0.45393192395043641)
 (0.94508710307095289,-0.038300701994103334)
 (1.0103889798782395,-0.027927973652437283)
 (0.60663741967342744,0.034916000116333633)
 (1.0982468582605247,0.54287368349766463)
 (1.213373234677386,0.16682796399142347)
 (0.93378528940274652,0.015755202114313482)
 (-0.90925952943719801,-0.415665336549565)
 (0.9365767474891733,0.26458221593983106)
 (1.216512505990103,0.05437482747072122)
 (1.0384916856223683,0.1587026379842536)
 (0.74858979547615401,0.14233511318011313)
 (1.21066776044032,0.60934076455669661)
 (-1.279691754676336,-0.16647322557292854)
 (0.92679898948249906,0.19583507233741243)
 (0.78570185126441627,0.35349369936115127)
 (-0.91951608120882378,-0.60767227265195978)
 (-1.1140780997994086,-0.24465173166562718)
 (0.89619100124170825,-0.15135550534856507)
 (-0.81571391525382875,-0.56254258428807524)
 (0.62455292058721201,0.55651893428079402)
 (1.3476736470661659,-0.088275035355603659)
 (-1.1849314501762045,-0.10929867492636583)
 (0.83244101699334361,0.45218661843756158)
 (1.027264208101055,0.60845502125827144)
 (1.5392343357500646,0.074418106531670886)
 (0.92798307415988046,0.18890886458403056)
 (0.67109193279920776,0.41078335220336248)
 (0.61764821363878886,0.35902745397582297)
 (1.2391253337413661,0.031269021284885151)
 (-0.86945797204592279,-0.26072274709765353)
 (0.71504937826358006,0.36388457528920015)
 (0.75723972382592697,0.62639797402522357)
 (1.0122813346262209,0.11933449899928897)
 (1.1873599721615589,0.35108479570474427)
 (0.67623581921371001,0.41003557389710993)
 (0.77841466138186433,0.48098269478100419)
 (1.3307567652489567,0.42618187468257307)
 (-1.0635603496819293,-0.21763614020652713)
 (-0.66835577372500299,-0.55125444352486497)
 (0.88296362464980072,0.55126993865170615)
 (1.0784253593428901,0.14491702313520302)
 (0.82273727848165346,0.37045015629423539)
 (-0.73613417168253337,-0.47193805721963533)
 (1.0291460548811069,0.74627120824752924)
 (1.2165098906427931,0.20711667080447352)
 (0.81293450979884807,0.21091664471983196)
 (0.6416131606545018,0.4684916877164948)
 (-1.0203034880004329,-0.81614066348492809)
 (-1.1896390148361589,-0.31365087399823754)
 (-0.68796944741769717,-0.24116190907879181)
 (-0.48756713549676478,-0.65879811146733447)
 (0.80813022946118873,1.0047680166964019)
 (0.95347324858809079,0.37728912377068524)
 (0.886572289559306,0.23636080574022286)
 (0.72269355657501411,0.36138471661384058)
 (0.76029470974787561,0.70090145104598223)
 (1.0981202501978342,0.39162188518844232)
 (1.0074199545815783,0.5292056289671504)
 (-0.44557706676501219,-0.41694692152344792)
 (-0.65936594604784893,-0.76595707764034859)
 (0.86302269978740975,0.29694079070625201)
 (1.0911033839215556,0.27278975897260282)
 (-0.65208510877620218,-0.46002474997520537)
 (-0.80286180861499501,-0.61482614556777038)
 (-0.93023879285851485,-0.34049946998273689)
 (1.1127229528203975,0.31544072663166534)
 (-0.7753822044171006,-0.49087446148098524)
 (0.69732823927265208,0.67129061985441918)
 (1.0205718237964048,0.42756590376717618)
 (-0.97220340483751322,-0.26766636922547826)
 (0.69270277042735429,0.3815074881139191)
 (0.67425180077847058,0.84465320000548139)
 (-1.4555252784081314,-0.35237422705622051)
 (-1.0710399185609685,-0.20848880002135234)
 (0.8094370506699895,0.61828536106358456)
 (0.7557057880669823,0.54577473031748458)
 (-0.85913147899015962,-0.10019941506586477)
 (-0.86376960416332604,-0.42364281592567077)
 (-0.68564866420310566,-0.39482289932423154)
 (-0.69960138394907212,-0.74626822031552498)
 (1.1598577752040484,0.37677147534520078)
 (1.1503647377211625,0.25915277459415159)
 (-0.69354438850203315,-0.57466255418334933)
 (-1.0083744000057218,-0.7863610518419305)
 (-1.3241996845074155,-0.26750570459669798)
 (0.8193878367770715,0.37796868262350419)
 (0.60929944198027985,0.45658275555469219)
 (0.75006506229625292,0.80185155351566495)
 (0.92823759535521289,0.62125924945757993)
 (-0.80706639741108832,-0.5117161481097291)
 (0.675918429875355,0.61310330039876559)
 (1.1102809693588085,0.76874745995187799)
 (-1.0312978585918613,-0.39287552367316886)
 (-0.89407930635542465,-0.32103020894447504)
 (0.55853721898444608,0.51126097413054006)
 (0.87968179052635964,0.65740103955936113)
 (0.97890333652010075,0.47217148427170452)
 (0.92325345918188706,0.43274838063421256)
 (0.55939331314737917,0.53850785607863338)
 (0.88929032346799908,0.72885772439815599)
 (-1.2946934692357006,-0.22577280035578151)
 (-1.0551578497786891,-0.35369153615386612)
 (-0.7718410354835451,-0.47615820354890204)
 (0.77993947761523019,0.8868087428901279)
 (-1.1562818067827745,-0.40337737876210716)
 (0.88274180513537104,0.36780933634559376)
 (0.74834323961091143,0.64613459988612276)
 (-0.76298267391609054,-0.69287122768960563)
 (0.95893001955015733,0.2127254166651652)
 (-1.2984223910250661,-0.27051128843086114)
 (0.4454670827866154,0.6022247323513652)
 (0.43876183676709812,0.88663331687165847)
 (-1.3061858042268306,-0.29138801748261051)
 (1.018398049499011,0.46639476121411316)
 (-0.54000826703097815,-0.53487251286830473)
 (0.63877142444877189,0.55890486642210002)
 (-1.1701406285829559,-0.52348493827062037)
 (-0.9220603698454487,-0.54495367261901795)
 (-0.4162756707569929,-0.54397837008357919)
 (-0.84748444070927886,-0.73305656440179479)
 (1.1742824670150096,0.44819185256238236)
 (0.60036657243195124,0.52083529933043049)
 (-0.63756751471875006,-0.43485077209910572)
 (0.5753254512229905,0.61063939818566948)
 (1.1236501335677556,0.19679688249347327)
 (0.86899585045054029,0.49824080187972186)
 (0.74236567217901595,0.36957809782919077)
 (-0.99196441882322117,-0.53815299897787494)
 (-1.2838621449823138,-0.48771773481198261)
 (0.99619646715749599,0.49222096626041706)
 (-0.57204001489032386,-0.44502729182858181)
 (0.79706933525206369,0.75749309663767361)
 (1.1100266328480042,0.35138172515013455)
 (-1.3135865491431544,-0.17513047909901025)
 (0.7659589844456578,0.56884937072059105)
 (-0.7480963329665532,-0.75413191690444847)
 (1.1755569179079659,0.23465471992889886)
 (-0.94902240623349399,-0.2714734925324615)
 (0.64887992682201989,0.56000328397818921)
 (0.84844380663760877,0.8154739767359227)
 (1.0755829820166725,0.23359490270012187)
 (0.93920181353373389,0.17114706331510149)
 (-0.41689076277219977,-0.41366232889779531)
 (-1.0330702483017482,-0.751084469618577)
 (-1.3654479113572904,-0.24364765987644893)
 (0.98863834992033006,0.48156645195356085)
 (0.71058965722449874,0.26936714983537241)
 (1.0142141908248543,0.61247781339343832)
 (1.1242452014023352,0.25784247150307132)
 (-1.0168643469592011,-0.20591646668037877)
 (0.66827790726148695,0.62026194997421946)
 (0.97079673122066712,0.89398940119434023)
 (-1.1263036564598492,0.019327255199725613)
 (0.86446119500639529,0.35727342829817987)
 (0.85985226512449953,0.23584227327419008)
 (0.696100794692321,0.90536351954837768)
 (0.7987809562407886,0.62505981760113771)
